## RankNet
## Epochs = 100
## No. of features = 46
## No. of hidden layers = 1
## Layer 1: 10 neurons
1 2 3 4 5 6 7 8 9 10 11 12 13 14 15 16 17 18 19 20 21 22 23 24 25 26 27 28 29 30 31 32 33 34 35 36 37 38 39 40 41 42 43 44 45 46
1
10
0 0 -0.11977754145020866 -0.009238113376790797 -0.009043391629700604 -0.0546062678979742 0.08267323827093372 -0.06434426520761732 0.06156566209074222 0.03781672774697415 0.047998391858663586 -0.05013065558873336
0 1 -0.010215566262709917 -0.047111385930587925 -0.02850054161591738 -0.06620544819317149 -0.035829960730394204 0.07921302747375744 -0.051298578324077054 0.08221060410276329 0.01395762556955061 -0.09118541832433953
0 2 -0.14501269631697258 0.07844016940881642 0.056121586720419996 -0.09758476881608702 0.04368208354088257 0.08860387778162582 0.04024829312627485 0.05435289719414397 -0.15907611723759324 0.039544282363787875
0 3 0.014950906922333817 -0.08008797559452294 0.05391270799410889 0.07480081143911248 -0.07581146154888165 0.09624921351668542 0.0011232057316363877 0.029577334331227022 0.025065745144739547 -0.04911445475101174
0 4 0.030396434475450262 0.009047526725317903 0.07921900882736546 0.009787060339375628 -0.05357160963373287 0.02473252600849855 -0.023825027986910503 0.05943803219593518 -0.0958717334832512 0.03980990212158056
0 5 0.060944814234972 0.008271193131804466 -0.00938157457858324 0.08543742448091507 -0.03737571835517883 0.05370274931192398 -0.04477597028017044 -0.0890248566865921 -0.0811445340514183 0.008111369796097279
0 6 -0.023439954966306686 -0.041567038744688034 0.07889106124639511 0.06303857266902924 0.01807895302772522 0.09471064060926437 0.03115186095237732 0.08377052843570709 -0.012010598555207253 0.09238509833812714
0 7 0.09998992085456848 0.03612503409385681 -0.030105333775281906 0.02123904787003994 0.06573046743869781 -0.08115272223949432 -0.061323702335357666 -0.0662788525223732 -0.047554515302181244 -0.05073174834251404
0 8 0.06222105026245117 0.0446983277797699 0.0033463239669799805 0.03471072390675545 -0.03674747422337532 -0.06637667119503021 -4.6032070531509817E-4 0.06855575740337372 -0.05925265699625015 -0.03563510626554489
0 9 -0.04096772149205208 0.009382927790284157 -0.04481257125735283 0.06558103859424591 0.032462604343891144 0.02780851162970066 0.07382680475711823 -0.023731565102934837 0.018651574850082397 0.023224974051117897
0 10 -0.06602744304627893 0.06679534000036896 0.03781570614096236 -0.09160935181451262 -0.06176853940564691 0.060545770592383676 -0.0044443524141200095 0.030982297397496122 0.001074274614433429 0.08289494993295903
0 11 -0.08394664211565019 0.09191678523100763 -0.06904203763282664 0.06976353566226651 -0.02440023932052355 -0.040581918487327874 0.08056906519001593 -0.036306051001327534 0.01644093530115427 0.03950105309920926
0 12 -0.14260616923501857 0.044869199506961104 -0.04640466368914136 -0.02148096478889294 0.09162854640060247 0.13349860722823378 1.6759612172606377E-4 -0.0925752996491152 -0.059380520341182415 -0.050780638510105
0 13 0.08812959224765797 -0.07002913225702379 0.03806405206603424 0.0812044196736619 0.09550098593605506 0.021107451296685748 -0.04266581594390811 0.030974101007858027 -0.05177461621498809 0.07912673576853811
0 14 0.0605100960851184 0.09480808940693083 0.08689358963197057 0.0011634499826755293 0.018058755589131063 0.026414875679335564 0.10399497397925288 -0.013474816052203882 -0.03905029538244638 -0.09352957714266627
0 15 0.07362277897278788 0.07348907380607048 0.018797760989903885 -0.028544244727861476 0.07314511501513675 0.10556368832326424 0.04209462239626003 0.09711736833944794 0.011412065448479633 0.06367065488222204
0 16 0.05872409670673405 -0.013799611545611655 0.07868893136292887 0.03836138969816023 0.01926012117567768 0.031628425617753544 -0.0820459993016897 -0.0586886003103772 0.010925384879862795 -0.0907129672639235
0 17 0.06404097871571815 0.012450068293233547 0.05226008272096471 -0.009532475834161723 0.044893997291224695 -0.06573947528465407 0.03916204439145869 0.02027474042411729 -0.0881677893989671 0.09498091838018412
0 18 0.09389964316650978 -0.09649936911373747 -0.02292229828162331 -0.024685216767486744 0.051567888753657594 -0.09740749515793566 -0.09121084391206549 0.06866716546168498 0.0627364183825173 -0.036738354783003586
0 19 0.02304556844781825 0.0760251189981619 0.041673631510591946 0.08245551707359441 -0.04061074278643618 0.019560188382178264 0.025798942489477613 -0.063564700022533 -0.09979238963011482 -0.031097440779438327
0 20 -0.1542945914079674 -0.009786714841445093 0.1552215406079413 -0.044644001139934844 -0.004548518288097174 0.03296522334149642 -0.009397199386002477 0.08077482560461079 -0.2200498404550996 -0.03304237906615687
0 21 -0.1301011680138573 0.08523528717138733 -0.004730256003429169 0.03505890490460379 0.10793332185719312 0.1275568085103928 -0.03300394960154532 -0.08821752916304655 -0.0662364345842889 -0.05557603079767421
0 22 -0.13618237534963892 -0.07644231329914118 0.07561935432742542 -0.08354746383897792 0.07552123880503125 0.16103072779605057 0.045508133229666015 0.0727890389527503 -0.1111794837206292 0.028646886083572128
0 23 -0.030250238501135153 0.08735358255513684 0.14243666069384933 -0.06878612351464874 0.14738728399626977 0.16328924927007207 -0.03459946567634515 -0.011580872605846688 -0.23207668885072524 -0.08360839440411001
0 24 -0.06540588059763328 0.06793401402293223 -0.04734940687516512 -0.05135378018173139 0.10774172426653196 0.03495889881639047 4.783142851213804E-4 0.046797333175999885 -0.09198670260032843 -0.03121416964455892
0 25 -0.010546004319401827 0.024124662409636163 0.0486745407172196 -0.04816771355280618 0.0037354430238140043 0.07525033604697522 -0.0225521476492402 -0.03285974803076606 -0.04866610554812046 -0.08801836666719869
0 26 -0.10099948793197037 0.045008562754398004 0.10557369939150608 0.030671604625158586 -0.046092786705408055 -0.0247980480206311 0.0677322197764643 -0.041389564131374706 -0.03138155897056645 -0.04193206929947063
0 27 0.0320187643382905 0.07216371563570813 -0.06475912629479806 0.09001432559351678 -0.038855773076592916 -0.0056707927149231 -0.010332992698614171 -0.0017154556492386419 -0.09634698390909131 -0.004618074663732598
0 28 -3.773293232289234E-4 0.007095225034249765 0.10413006578764432 0.06300901693670562 -0.013130748780454102 0.0325018509481892 -0.05339016176090459 0.02499231345346265 -0.010011244740910683 0.07961710843199978
0 29 -0.025327205137339957 0.10142911766105989 0.004799452061207088 -0.030805584394241324 -0.004680852529389973 0.0020356599315265885 0.04402192173266103 0.0451857267027939 0.01604503951879151 -0.0775466110415479
0 30 0.006076053927231659 -0.02876654006115684 0.008537922029785169 -0.03329076613182823 0.07912129960022728 0.1299718123017545 -0.05185938332632998 -0.023464119720677166 -0.029076011827340268 0.02608081156365202
0 31 -0.09559614447179933 -0.08399647473801429 0.10630065894750751 0.0530742657257593 -0.028844783776925793 0.1325135252169311 0.09004536433659441 -0.07556492935032556 -0.04947778411527638 -0.02894946969390353
0 32 -0.06259138175824315 -0.062437006655816696 0.08943359443259855 -0.0014069722080161237 -0.0037800108609548416 0.07111420976254318 -0.0230646030466637 0.009985790140410677 0.04481812170249807 0.06942383551965926
0 33 -0.0026984548238387237 -0.015502983563039474 0.08614774290156378 -0.09001342088173596 0.07070239702872601 0.07070742669363085 0.008195556198475246 -0.01721423166814927 -0.01779393301800589 0.0077252749590846085
0 34 -0.04361612247750203 0.06028446062203995 0.0645164584924752 -0.06516388248194628 -0.0825679115941843 0.008301946197611754 -0.06808689414568243 0.03260008361748649 -0.11639012787860983 0.04931145395544085
0 35 0.04114263262719564 0.09197744049407154 -0.044561455360686265 0.02080450926855275 0.03935434984073098 0.045227230989008334 0.0016265255698918548 0.034673434769775316 0.0015343764113445483 0.014770342290186766
0 36 -0.1393325009649262 0.03489200891605106 0.038183066428302485 0.008502378141436371 0.04247685142607764 0.027736009280611137 0.11738691148792775 -3.50807618175961E-5 -0.2238772147590412 -0.05176012362397793
0 37 -0.10354503803067153 -0.008040948261396981 0.0018514884846376593 -0.02750947339534431 0.08449457352903288 0.1962519447738653 0.12388176116773256 0.011927331282216631 -0.19020365922657428 0.09422041462973312
0 38 -0.14857478324683646 0.0315076785831062 0.12179567449406044 -0.09477724180075688 0.1786323473451586 0.19463788454561406 -0.039473920893145345 0.10019356176837715 -0.2226024640626685 0.020427871682807266
0 39 -0.18037308973464522 0.019460648377300004 0.07046915361986564 0.03761605740839302 0.14322549890770192 0.05265425719259687 0.046563239619039125 0.08153483981671168 -0.1630730503307222 0.10748396023461017
0 40 0.10208175480794729 0.027797578412111053 -0.05951545961117613 -0.08287841775295468 -0.0069010823137542875 -0.11689502300680349 -0.07759231679564575 -0.08480209171042279 0.003832730226431919 -0.05422476649090172
0 41 -0.05600682061799334 -0.07911261320958878 0.04431213921849719 -0.05865577057445215 0.016793296269046545 -0.023068626883469414 -0.09542644930592081 0.038290283965859116 -0.05685125464401807 -0.0030255811048497806
0 42 -0.05548303201794624 0.06186933070421219 0.08565950393676758 -0.06814219802618027 0.04223886877298355 -0.07162344455718994 0.06575293093919754 -0.07392308861017227 0.09037592262029648 0.025389254093170166
0 43 0.08255162451891665 -0.010985633610987856 0.09597346700768722 0.09203724723247207 -0.05460551343329397 -0.015423994584509286 -0.004309519319671032 0.07777237030359671 -0.04947175457310713 -0.044377857222570906
0 44 -0.08517614928220077 0.002000099291835606 0.06449211251169111 -0.09238118258508929 -0.02403862560917414 0.07576897093234106 -0.03913507761515285 -0.044996065217768395 0.036115371965747156 0.048650428515085664
0 45 -0.04277753887492844 -0.01837960546533572 -0.004847469649611116 0.03775379365332661 -0.0697653284822905 0.028324485470060442 0.08945770872758764 0.0849290850713534 0.048086250439501675 -0.08951497366896174
0 46 0.018254735128284207 0.0976553859579608 -0.08642147856636481 -0.0960974470021127 0.0038529438148163886 0.06891643310405916 0.04769901614163867 0.08006546503068475 0.002042766584058863 0.02220119765347973 0.012664258596740531
1 0 -0.405460170004128
1 1 0.09383615797832622
1 2 0.25818559408469133
1 3 -0.07834174180265598
1 4 0.2658288872937773
1 5 0.4228505137057425
1 6 0.10150306945708594
1 7 0.05588143088609382
1 8 -0.5021651683161797
1 9 -0.004546602227292971
